, TxHash, BlockHeight, TimesStamp, From, To, Value
0, 0, 0, 1469482111, 0xcb108e9b8d1e4c974d8d5110fa3c1d5e7e6b33d7, , 0.0
